# Данные реакции пациента на лекарства
# в пяти дозировках

dose <- c(20,30,40,45,60)
drugA <- c(16,20,27,40,60)
drugB <- c(15,18,25,31,40)